[choopy_conf]
batch_size = 63
lr = 1e-3
weight_decay = 0.03555906443024184
dropout = 0.3644676914702062

[mtcut_conf]
batch_size = 63
lr = 1e-3
weight_decay = 0.0024756345581373493
dropout = 0.4197133992289419

[attncut_conf]
batch_size = 63
lr = 1e-3
weight_decay = 0
dropout = 0.4197133992289419

[bicut_conf]
batch_size = 31
lr = 1e-4
weight_decay = 0.0024756345581373493
dropout = 0.4197133992289419